p cnf 20 120
-5 -7 17 0
10 7 20 0
-8 19 15 0
20 -7 -11 0
-3 -19 7 0
19 15 -6 0
18 -2 9 0
1 10 -14 0
-4 -5 -8 0
5 18 4 0
-1 20 -9 0
8 -1 -3 0
-10 -4 -7 0
-18 3 16 0
-3 15 -11 0
-17 11 20 0
8 17 -5 0
9 -6 -13 0
-19 1 -10 0
-19 13 -15 0
1 9 -11 0
7 2 -16 0
12 2 -20 0
18 15 7 0
10 13 12 0
-18 10 5 0
7 -19 -17 0
4 17 15 0
1 6 -4 0
18 17 -7 0
5 -16 1 0
-14 -10 -8 0
12 17 10 0
-2 6 17 0
-13 -14 -8 0
-2 6 -16 0
-14 -17 -20 0
-16 7 -8 0
9 11 -13 0
3 10 -4 0
-19 -10 11 0
-16 -17 12 0
-16 -7 -14 0
18 1 -15 0
-6 -3 13 0
13 -10 -14 0
-17 -4 -10 0
-7 -5 9 0
12 -9 -13 0
15 11 -5 0
6 8 -7 0
5 -2 9 0
-15 -12 11 0
-5 -11 -17 0
1 7 -18 0
9 -11 -13 0
-17 -9 10 0
17 11 -4 0
-4 -12 16 0
3 -19 14 0
-11 -1 -2 0
3 -9 -13 0
-7 -10 4 0
-2 12 -1 0
9 11 -4 0
-15 -16 -3 0
2 -10 -3 0
-16 -12 18 0
-1 -12 -18 0
-17 -10 -13 0
-12 -17 -2 0
2 -16 6 0
-14 20 11 0
8 6 5 0
-7 -17 8 0
2 13 -8 0
-7 20 17 0
2 -14 8 0
-9 8 -13 0
15 -7 -19 0
-5 -3 8 0
-18 -8 -10 0
-12 19 -5 0
-10 14 -8 0
3 12 -15 0
-15 20 13 0
10 -14 8 0
-18 15 4 0
17 -5 7 0
17 8 3 0
-10 -4 -2 0
13 -2 20 0
6 1 17 0
-20 16 -1 0
-11 6 3 0
9 -1 11 0
19 -15 4 0
14 -5 1 0
-6 16 4 0
-5 -18 -8 0
-17 18 -4 0
17 -11 8 0
-13 5 3 0
18 -5 -1 0
-12 3 5 0
9 -6 -15 0
3 2 -19 0
-9 20 15 0
14 -7 -20 0
13 19 -8 0
16 7 -8 0
-3 -10 -1 0
10 -15 6 0
-5 14 -4 0
2 9 -8 0
-18 -9 -4 0
3 -12 -8 0
-2 -17 14 0
-7 5 12 0
-9 -15 -20 0
